3432077183
3621304936
3597455398
3037209521
3656033150
3349435688
3621461426
3574711663
3231519278
3058831486
3313371950
3135113307
3681218808
3411868236
3756607062
3264295194
3704963850
3203340190
3082353613
3892302428
3336475017
3198378539
3887314813
3591547546
3422799523
3088057833
3989629635
3727586300
3365727304
3932984021
3057901108
3813467813
3831676526
3715734814
3956545391
3941738993
3771370529
3076868845
3424045693
3062237346
3922620859
3507853983
3681395221
3521865297
3214219530
3319893856
3703040921
3939022838
3658729795
3671314208
3754218839
3834166361
3857831763
3899025314
3632814726
3032191627
3823397895
3577025817
3136994609
3258672684
3292391610
3901224036
3547775577
3709821544
3059166166
3273455697
3595781867
3451134035
3927576891
3596999543
3669933518
3311926115
3279752874
3535820001
3429980277
3606272797
3887874934
3359284036
3387883317
3644452800
3109743202
3748478036
3717940489
3503918644
3767311806
3885335813
3291623639
3603649178
3278436477
3133143462
3614629688
3207973522
3384063580
3793528049
3076612293
3335084838
3082651960
3368320531
3157585501
3276198983